Date,DemSeatsMean,RepSeatsMean,DemSeatsLow95,DemSeatsHigh95,RepSeatsLow95,RepSeatsHigh95,DemWinChance,RepWinChance
2025-11-05,49.6713,50.3287,45,55,45,55,0.3505,0.6495
2025-11-06,49.6193,50.3807,45,55,45,55,0.3398,0.6602
2025-11-07,49.5712,50.4288,45,55,45,55,0.3324,0.6676
2025-11-08,49.6351,50.3649,45,55,45,55,0.3434,0.6566
2025-11-09,49.658,50.342,45,55,45,55,0.3482,0.6518
2025-11-10,49.7876,50.2124,45,55,45,55,0.3632,0.6368
2025-11-11,49.7963,50.2037,45,55,45,55,0.3664,0.6336
2025-11-12,49.8361,50.1639,45,55,45,55,0.371,0.629
2025-11-13,49.8598,50.1402,45,55,45,55,0.3783,0.6217
2025-11-14,49.7411,50.2589,45,55,45,55,0.3596,0.6404
2025-11-15,49.6443,50.3557,45,54,46,55,0.3433,0.6567
2025-11-16,49.6558,50.3442,45,54,46,55,0.3462,0.6538
2025-11-17,49.6511,50.3489,45,55,45,55,0.3425,0.6575
2025-11-18,49.6845,50.3155,45,55,45,55,0.3525,0.6475
2025-11-19,49.7174,50.2826,45,55,45,55,0.3537,0.6463
2025-11-20,49.6446,50.3554,45,54,46,55,0.3414,0.6586
2025-11-21,49.6374,50.3626,45,55,45,55,0.345,0.655
2025-11-22,49.5825,50.4175,45,54,46,55,0.3351,0.6649
2025-11-23,49.6466,50.3534,45,55,45,55,0.3477,0.6523
2025-11-24,49.5931,50.4069,45,54,46,55,0.3379,0.6621
2025-11-25,49.6438,50.3562,45,54.5,45.5,55,0.3458,0.6542
2025-11-26,49.655,50.345,45,54,46,55,0.3487,0.6513
2025-11-27,49.6234,50.3766,45,54,46,55,0.3397,0.6603
2025-11-28,49.6735,50.3265,45,55,45,55,0.3441,0.6559
2025-11-29,49.6214,50.3786,45,54,46,55,0.3374,0.6626
2025-11-30,49.6276,50.3724,45,54,46,55,0.3394,0.6606
2025-12-01,49.6824,50.3176,45,55,45,55,0.3511,0.6489
2025-12-02,49.6764,50.3236,45,55,45,55,0.3471,0.6529
2025-12-03,49.4924,50.5076,45,54,46,55,0.3206,0.6794
2025-12-04,49.5246,50.4754,45,54,46,55,0.3245,0.6755
2025-12-05,49.5318,50.4682,45,54,46,55,0.3244,0.6756
2025-12-06,49.4946,50.5054,45,54,46,55,0.3213,0.6787
2025-12-07,49.5204,50.4796,45,54,46,55,0.3266,0.6734
2025-12-08,49.5534,50.4466,45,54,46,55,0.3279,0.6721
2025-12-09,49.47,50.53,45,54,46,55,0.3195,0.6805
2025-12-10,49.5223,50.4777,45,54,46,55,0.3257,0.6743
2025-12-11,49.5472,50.4528,45,54,46,55,0.3258,0.6742
2025-12-12,49.5315,50.4685,45,54,46,55,0.3233,0.6767
2025-12-13,49.5418,50.4582,45,54,46,55,0.3307,0.6693
2025-12-14,49.8056,50.1944,45,55,45,55,0.3721,0.6279
2025-12-15,49.809,50.191,45,55,45,55,0.3664,0.6336
2025-12-16,49.8592,50.1408,45,55,45,55,0.3786,0.6214
2025-12-17,49.9902,50.0098,45,55,45,55,0.4049,0.5951
2025-12-18,49.9715,50.0285,46,55,45,54,0.3965,0.6035
2025-12-19,50.027,49.973,46,55,45,54,0.401,0.599
2025-12-20,49.987,50.013,46,55,45,54,0.3982,0.6018
2025-12-21,49.9642,50.0358,46,55,45,54,0.394,0.606
2025-12-22,49.9718,50.0282,45,55,45,55,0.3958,0.6042
2025-12-23,49.989,50.011,46,55,45,54,0.3979,0.6021
2025-12-24,49.9486,50.0514,46,55,45,54,0.3943,0.6057
2025-12-25,49.9653,50.0347,45,55,45,55,0.3958,0.6042
2025-12-26,49.9329,50.0671,45,55,45,55,0.386,0.614
2025-12-27,49.8648,50.1352,45,55,45,55,0.383,0.617
2025-12-28,49.9296,50.0704,45,55,45,55,0.3892,0.6108
2025-12-29,49.903,50.097,45,55,45,55,0.3822,0.6178
2025-12-30,49.8978,50.1022,45,55,45,55,0.3852,0.6148
2025-12-31,50.0093,49.9907,46,55,45,54,0.4006,0.5994
2026-01-01,50.0037,49.9963,45,55,45,55,0.4032,0.5968
2026-01-02,50.0061,49.9939,46,55,45,54,0.3968,0.6032
2026-01-03,49.9406,50.0594,45,55,45,55,0.3884,0.6116
2026-01-04,49.9699,50.0301,45,55,45,55,0.399,0.601
2026-01-05,49.9946,50.0054,46,55,45,54,0.4037,0.5963
2026-01-06,49.9124,50.0876,46,55,45,54,0.3802,0.6198
2026-01-07,49.8524,50.1476,45,55,45,55,0.3787,0.6213
2026-01-08,49.8603,50.1397,45,55,45,55,0.3758,0.6242
2026-01-09,49.854,50.146,45,55,45,55,0.3801,0.6199
2026-01-10,49.8488,50.1512,45,55,45,55,0.3749,0.6251
2026-01-11,49.9173,50.0827,45,55,45,55,0.3823,0.6177
2026-01-12,49.9075,50.0925,45,55,45,55,0.3903,0.6097
2026-01-13,49.9233,50.0767,45,55,45,55,0.387,0.613
2026-01-14,50.3005,49.6995,46,55,45,54,0.4474,0.5526
2026-01-15,50.2542,49.7458,46,55,45,54,0.4414,0.5586
2026-01-16,50.2488,49.7512,46,55,45,54,0.4421,0.5579
2026-01-17,50.2291,49.7709,46,55,45,54,0.4332,0.5668
2026-01-18,50.2535,49.7465,46,55,45,54,0.4455,0.5545
2026-01-19,50.2199,49.7801,46,55,45,54,0.4301,0.5699
2026-01-20,50.2293,49.7707,46,55,45,54,0.4353,0.5647
2026-01-21,50.2613,49.7387,46,55,45,54,0.4385,0.5615
2026-01-22,50.2799,49.7201,46,55,45,54,0.4395,0.5605
2026-01-23,50.1464,49.8536,46,55,45,54,0.4197,0.5803
2026-01-24,50.1284,49.8716,46,55,45,54,0.4201,0.5799
2026-01-25,50.1843,49.8157,46,55,45,54,0.4257,0.5743
2026-01-26,50.2354,49.7646,46,55,45,54,0.4366,0.5634
2026-01-27,50.23,49.77,46,55,45,54,0.4378,0.5622
2026-01-28,50.2231,49.7769,46,55,45,54,0.4368,0.5632
2026-01-29,50.1697,49.8303,46,55,45,54,0.4265,0.5735
2026-01-30,50.1799,49.8201,46,55,45,54,0.4271,0.5729
2026-01-31,50.2245,49.7755,46,55,45,54,0.4311,0.5689
2026-02-01,50.231,49.769,46,55,45,54,0.4356,0.5644
2026-02-02,50.0886,49.9114,46,55,45,54,0.4126,0.5874
2026-02-03,50.1329,49.8671,46,55,45,54,0.425,0.575
2026-02-04,50.0856,49.9144,46,55,45,54,0.4151,0.5849
2026-02-05,50.1605,49.8395,46,55,45,54,0.429,0.571
2026-02-06,50.1521,49.8479,46,55,45,54,0.4254,0.5746
2026-02-07,50.094,49.906,46,55,45,54,0.4152,0.5848
2026-02-08,50.1427,49.8573,46,55,45,54,0.4286,0.5714
2026-02-09,50.1204,49.8796,46,55,45,54,0.4178,0.5822
2026-02-10,50.0991,49.9009,46,55,45,54,0.4184,0.5816
2026-02-11,50.2083,49.7917,46,55,45,54,0.4331,0.5669
2026-02-12,50.1001,49.8999,46,55,45,54,0.418,0.582
2026-02-13,50.1214,49.8786,46,55,45,54,0.4221,0.5779
2026-02-14,50.1083,49.8917,46,55,45,54,0.4188,0.5812
2026-02-15,50.1058,49.8942,46,55,45,54,0.4161,0.5839
2026-02-16,50.1385,49.8615,46,55,45,54,0.4181,0.5819
2026-02-17,50.2005,49.7995,46,55,45,54,0.4326,0.5674
2026-02-18,50.171,49.829,46,55,45,54,0.4295,0.5705
2026-02-19,50.1809,49.8191,46,55,45,54,0.4265,0.5735
2026-02-20,50.1438,49.8562,46,55,45,54,0.4265,0.5735
2026-02-21,50.1088,49.8912,46,55,45,54,0.4181,0.5819
2026-02-22,50.1363,49.8637,46,55,45,54,0.4227,0.5773
2026-02-23,50.1303,49.8697,46,55,45,54,0.4191,0.5809
2026-02-24,50.1835,49.8165,46,55,45,54,0.4336,0.5664
2026-02-25,50.1601,49.8399,46,55,45,54,0.4292,0.5708
2026-02-26,50.1417,49.8583,46,55,45,54,0.4242,0.5758
2026-02-27,50.1004,49.8996,46,55,45,54,0.4151,0.5849
2026-02-28,50.1611,49.8389,46,55,45,54,0.4248,0.5752
2026-03-01,50.1326,49.8674,46,55,45,54,0.4256,0.5744
2026-03-02,50.1765,49.8235,46,55,45,54,0.4271,0.5729
2026-03-03,50.2404,49.7596,46,55,45,54,0.4374,0.5626
2026-03-04,50.1604,49.8396,46,55,45,54,0.4287,0.5713
2026-03-05,50.1315,49.8685,46,55,45,54,0.4192,0.5808
2026-03-06,50.126,49.874,46,55,45,54,0.4175,0.5825
2026-03-07,50.1112,49.8888,46,55,45,54,0.421,0.579
2026-03-08,50.1001,49.8999,46,55,45,54,0.4135,0.5865
2026-03-09,50.2582,49.7418,46,55,45,54,0.443,0.557
2026-03-10,50.2393,49.7607,46,55,45,54,0.436,0.564
2026-03-11,50.2634,49.7366,46,55,45,54,0.44,0.56
2026-03-12,50.2624,49.7376,46,55,45,54,0.4423,0.5577
2026-03-13,50.2275,49.7725,46,55,45,54,0.4368,0.5632
2026-03-14,50.1065,49.8935,46,55,45,54,0.4231,0.5769
2026-03-15,50.2403,49.7597,46,55,45,54,0.4372,0.5628
2026-03-16,50.1937,49.8063,46,55,45,54,0.4298,0.5702
2026-03-17,50.256,49.744,46,55,45,54,0.4493,0.5507
2026-03-18,50.226,49.774,46,55,45,54,0.4454,0.5546
2026-03-19,50.1468,49.8532,46,55,45,54,0.4251,0.5749
2026-03-20,50.1506,49.8494,46,55,45,54,0.4274,0.5726
2026-03-21,50.1828,49.8172,46,55,45,54,0.4309,0.5691
2026-03-22,50.2298,49.7702,46,55,45,54,0.4376,0.5624
2026-03-23,50.1822,49.8178,46,55,45,54,0.4315,0.5685
2026-03-24,50.2193,49.7807,46,55,45,54,0.4385,0.5615
2026-03-25,50.1917,49.8083,46,55,45,54,0.4281,0.5719
2026-03-26,50.1816,49.8184,46,55,45,54,0.4358,0.5642
2026-03-27,50.1897,49.8103,46,55,45,54,0.4322,0.5678
2026-03-28,50.1644,49.8356,46,55,45,54,0.4324,0.5676
2026-03-29,50.2509,49.7491,46,55,45,54,0.4391,0.5609
2026-03-30,50.2248,49.7752,46,55,45,54,0.4406,0.5594
2026-03-31,50.1992,49.8008,46,55,45,54,0.4342,0.5658
2026-04-01,50.2033,49.7967,46,55,45,54,0.4317,0.5683
